2643
2211
7204
5649
18114
14865
12393
17423
17199
9532
7686
2872
5207
9138
19634
14727
3026
16169
11041
3229
1974
8037
4363
13552
16692
17188
3639
12159
234
520
15235
19400
3580
4366
17353
4657
14254
8198
18086
9629
8992
13026
11775
11511
18629
13762
16490
11762
17613
11932
4984
8959
6109
18656
10882
11093
11110
18721
12657
7894
19096
12715
7226
6114
7654
18969
4157
19854
6821
15599
2388
18510
2397
19850
14071
7843
16872
17516
3053
7227
2706
13848
12947
1799
8532
17517
5725
15744
7899
12102
5869
6187
2492
17631
5802
17333
13157
5036
10400
40
