2211
13603
3331
16256
9366
11958
10666
18849
6231
13633
14958
13022
13921
9159
17631
5442
13948
11805
15128
13711
7995
17519
1764
7247
13046
10275
16043
4753
13176
16089
13992
1067
10557
1192
7964
7122
8349
1128
11936
15853
9484
12231
5028
2812
3691
17479
12538
13414
13225
4968
7086
2419
12128
7195
12100
13302
18711
1897
10098
11150
12952
9711
856
16855
7449
7246
4610
12323
18277
16935
8930
12166
17195
9689
12778
11357
14147
5705
6222
15114
628
17464
8542
5339
18752
8540
18156
18907
19205
8938
10911
12193
11379
16194
8401
8852
12957
4232
9705
5038
